OpenMIWebSocketClient/data/mytopindex.txt
ncols 14
nrows 22
NODATA_value 9999.0
9999.0 9999.0 9.0705535603 8.2097831156 8.050064712 7.945637497 6.9681945222 5.5689591162 9999.0 9999.0 9999.0 9999.0 9999.0 9999.0 
8.5562773158 8.4486564692 6.5417544561 6.7102034429 6.6461389282 6.8712824213 6.1406448298 6.7115413653 6.8305298639 9999.0 9999.0 9999.0 9999.0 9999.0 
9.2586254779 9.5817492208 5.4542085173 6.0128995397 6.3103029137 6.5410591572 6.6421501263 5.6461496171 6.3924126315 7.0604528906 7.555360648 6.6249904992 9999.0 9999.0 
9999.0 9.7146731615 7.5365827402 7.8321311628 5.5960437294 5.5907467383 5.2094590417 4.7918323641 5.7833128588 5.6594549859 5.6114424892 5.6809381237 4.6488778667 9999.0 
9999.0 10.6242758784 8.9165634704 7.6302788477 7.9298633715 7.7846433529 6.9511873521 4.8544063388 4.9986652574 5.2940065875 5.3507784733 5.5800368452 5.9939395062 5.4879462154 
9999.0 9.9254351755 8.9366936188 7.6958648739 7.7867090627 7.2198988831 6.7237622179 6.4947716752 6.0357143858 4.642576547 4.6784168022 4.8752495477 5.354209354 5.5486228093 
9999.0 9999.0 8.8873679809 9.232382521 7.7964030471 6.5483762079 6.1965617377 6.3592064668 6.5702502726 6.2063389094 6.5354538586 6.1472612553 4.4501451554 9999.0 
9999.0 9999.0 9999.0 9999.0 8.367090805 6.6615583415 5.8160313941 5.9753990127 6.0547836114 5.4427833973 5.5708243707 5.579309926 5.1705605477 9999.0 
9999.0 9999.0 9999.0 9999.0 9999.0 9.4719987128 8.5737777009 5.9385355267 5.5101819198 5.630315345 5.2664935083 5.42512451 5.4325916248 9999.0 
9999.0 9999.0 9999.0 9999.0 9999.0 7.4895660894 7.67732716 8.1049360249 7.697179901 5.0909973997 4.6177818231 5.0741000395 5.234374401 9999.0 
9999.0 9999.0 9999.0 9999.0 9999.0 9999.0 7.2376277232 6.979081109 6.8216461314 6.8264289453 6.5341980574 5.366693262 4.7867116472 9999.0 
9999.0 9999.0 9999.0 9999.0 9999.0 9999.0 6.615737838 6.5855879524 6.3551351016 5.9396476426 5.0799812169 3.9438148517 9999.0 9999.0 
9999.0 9999.0 9999.0 9999.0 9999.0 9999.0 9.1867128634 8.5297354816 8.5335917719 8.359984054 7.2431256817 4.6293738535 9999.0 9999.0 
9999.0 9999.0 9999.0 9999.0 9999.0 9999.0 6.9413323062 5.2671263678 6.3289398615 6.8626115398 7.0507498392 3.9251083475 9999.0 9999.0 
9999.0 9999.0 9999.0 9999.0 9999.0 9999.0 6.5026413692 4.1771648578 6.1411556352 6.218428116 6.7742881565 7.213173853 9999.0 9999.0 
9999.0 9999.0 9999.0 9999.0 9999.0 9999.0 9999.0 6.447866449 4.7300080525 5.9818077966 6.558445615 6.9793083116 9999.0 9999.0 
9999.0 9999.0 9999.0 9999.0 9999.0 9999.0 9999.0 9999.0 4.4509301703 5.299085511 5.6658975549 6.1373910578 7.3161545553 9999.0 
9999.0 9999.0 9999.0 9999.0 9999.0 9999.0 9999.0 9999.0 9999.0 5.1251704413 5.3144064209 5.539082771 6.1481680463 9999.0 
9999.0 9999.0 9999.0 9999.0 9999.0 9999.0 9999.0 9999.0 9999.0 4.9593745372 5.0470058637 5.4179121441 5.8808488312 9999.0 
9999.0 9999.0 9999.0 9999.0 9999.0 9999.0 9999.0 9999.0 9999.0 9999.0 5.1273706863 5.0264562964 5.4856391282 9999.0 
9999.0 9999.0 9999.0 9999.0 9999.0 9999.0 9999.0 9999.0 9999.0 9999.0 4.9989211699 4.7669839236 4.924099415 9999.0 
9999.0 9999.0 9999.0 9999.0 9999.0 9999.0 9999.0 9999.0 9999.0 9999.0 9999.0 4.3827183434 4.4036465606 9999.0 